Row Ranges
Rank 0 [0,104]
Rank 1 [105,209]
Rank 2 [210,314]
Rank 3 [315,419]
Rank 4 [420,524]
Rank 5 [525,629]
Rank 6 [630,734]
Rank 7 [735,839]
Rank 8 [840,944]
Rank 9 [945,1049]
Rank 10 [1050,1154]
Rank 11 [1155,1259]
Rank 12 [1260,1364]
Rank 13 [1365,1469]
Rank 14 [1470,1574]
Rank 15 [1575,1679]
Rank 16 [1680,1784]
Rank 17 [1785,1889]
Rank 18 [1890,1994]
Rank 19 [1995,2099]
Rank 20 [2100,2204]
Rank 21 [2205,2309]
Rank 22 [2310,2414]
Rank 23 [2415,2519]
Rank 24 [2520,2624]
Rank 25 [2625,2729]
Rank 26 [2730,2834]
Rank 27 [2835,2939]
Rank 28 [2940,3044]
Rank 29 [3045,3149]
Rank 30 [3150,3254]
Rank 31 [3255,3359]
Rank 32 [3360,3464]
Rank 33 [3465,3569]
Rank 34 [3570,3674]
Rank 35 [3675,3779]
Rank 36 [3780,3884]
Rank 37 [3885,3989]
Rank 38 [3990,4094]
Rank 39 [4095,4199]
Rank 40 [4200,4304]
Rank 41 [4305,4409]
Rank 42 [4410,4514]
Rank 43 [4515,4619]
Rank 44 [4620,4724]
Rank 45 [4725,4829]
Rank 46 [4830,4934]
Rank 47 [4935,5039]
Rank 48 [5040,5144]
Rank 49 [5145,5249]
Rank 50 [5250,5354]
Rank 51 [5355,5459]
Rank 52 [5460,5564]
Rank 53 [5565,5669]
Rank 54 [5670,5774]
Rank 55 [5775,5879]
Rank 56 [5880,5984]
Rank 57 [5985,6089]
Rank 58 [6090,6194]
Rank 59 [6195,6299]
Rank 60 [6300,6404]
Rank 61 [6405,6509]
Rank 62 [6510,6614]
Rank 63 [6615,6719]
Rank 64 [6720,6824]
Rank 65 [6825,6929]
Rank 66 [6930,7034]
Rank 67 [7035,7139]
Rank 68 [7140,7244]
Rank 69 [7245,7349]
Rank 70 [7350,7454]
Rank 71 [7455,7559]
Rank 72 [7560,7664]
Rank 73 [7665,7769]
Rank 74 [7770,7874]
Rank 75 [7875,7979]
Rank 76 [7980,8084]
Rank 77 [8085,8189]
Rank 78 [8190,8294]
Rank 79 [8295,8399]
Rank 80 [8400,8504]
Rank 81 [8505,8609]
Rank 82 [8610,8714]
Rank 83 [8715,8819]
Rank 84 [8820,8924]
Rank 85 [8925,9029]
Rank 86 [9030,9134]
Rank 87 [9135,9239]
Rank 88 [9240,9344]
Rank 89 [9345,9449]
Rank 90 [9450,9554]
Rank 91 [9555,9659]
Rank 92 [9660,9764]
Rank 93 [9765,9869]
Rank 94 [9870,9974]
Rank 95 [9975,10079]
Rank 96 [10080,10184]
Rank 97 [10185,10289]
Rank 98 [10290,10394]
Rank 99 [10395,10499]
Rank 100 [10500,10604]
Rank 101 [10605,10709]
Rank 102 [10710,10814]
Rank 103 [10815,10919]
Rank 104 [10920,11024]
Rank 105 [11025,11129]
Rank 106 [11130,11234]
Rank 107 [11235,11339]
Rank 108 [11340,11444]
Rank 109 [11445,11549]
Rank 110 [11550,11654]
Rank 111 [11655,11759]
Rank 112 [11760,11864]
Rank 113 [11865,11969]
Rank 114 [11970,12074]
Rank 115 [12075,12179]
Rank 116 [12180,12284]
Rank 117 [12285,12389]
Rank 118 [12390,12494]
Rank 119 [12495,12599]
Rank 120 [12600,12704]
Rank 121 [12705,12809]
Rank 122 [12810,12914]
Rank 123 [12915,13019]
Rank 124 [13020,13124]
Rank 125 [13125,13229]
Rank 126 [13230,13334]
Rank 127 [13335,13439]
Rank 128 [13440,13543]
Rank 129 [13544,13647]
Rank 130 [13648,13751]
Rank 131 [13752,13855]
Rank 132 [13856,13959]
Rank 133 [13960,14063]
Rank 134 [14064,14167]
Rank 135 [14168,14271]
Rank 136 [14272,14375]
Rank 137 [14376,14479]
Rank 138 [14480,14583]
Rank 139 [14584,14687]
Rank 140 [14688,14791]
Rank 141 [14792,14895]
Rank 142 [14896,14999]
Rank 143 [15000,15103]
Rank 144 [15104,15207]
Rank 145 [15208,15311]
Rank 146 [15312,15415]
Rank 147 [15416,15519]
Rank 148 [15520,15623]
Rank 149 [15624,15727]
Rank 150 [15728,15831]
Rank 151 [15832,15935]
Rank 152 [15936,16039]
Rank 153 [16040,16143]
Rank 154 [16144,16247]
Rank 155 [16248,16351]
Rank 156 [16352,16455]
Rank 157 [16456,16559]
Rank 158 [16560,16663]
Rank 159 [16664,16767]
Rank 160 [16768,16871]
Rank 161 [16872,16975]
Rank 162 [16976,17079]
Rank 163 [17080,17183]
Rank 164 [17184,17287]
Rank 165 [17288,17391]
Rank 166 [17392,17495]
Rank 167 [17496,17599]
Rank 168 [17600,17703]
Rank 169 [17704,17807]
Rank 170 [17808,17911]
Rank 171 [17912,18015]
Rank 172 [18016,18119]
Rank 173 [18120,18223]
Rank 174 [18224,18327]
Rank 175 [18328,18431]
Rank 176 [18432,18535]
Rank 177 [18536,18639]
Rank 178 [18640,18743]
Rank 179 [18744,18847]
Rank 180 [18848,18951]
Rank 181 [18952,19055]
Rank 182 [19056,19159]
Rank 183 [19160,19263]
Rank 184 [19264,19367]
Rank 185 [19368,19471]
Rank 186 [19472,19575]
Rank 187 [19576,19679]
Rank 188 [19680,19783]
Rank 189 [19784,19887]
Rank 190 [19888,19991]
Rank 191 [19992,20095]
Rank 192 [20096,20199]
Rank 193 [20200,20303]
Rank 194 [20304,20407]
Rank 195 [20408,20511]
Rank 196 [20512,20615]
Rank 197 [20616,20719]
Rank 198 [20720,20823]
Rank 199 [20824,20927]
Rank 200 [20928,21031]
Rank 201 [21032,21135]
Rank 202 [21136,21239]
Rank 203 [21240,21343]
Rank 204 [21344,21447]
Rank 205 [21448,21551]
Rank 206 [21552,21655]
Rank 207 [21656,21759]
Rank 208 [21760,21863]
Rank 209 [21864,21967]
Rank 210 [21968,22071]
Rank 211 [22072,22175]
Rank 212 [22176,22279]
Rank 213 [22280,22383]
Rank 214 [22384,22487]
Rank 215 [22488,22591]
Rank 216 [22592,22695]
Rank 217 [22696,22799]
Rank 218 [22800,22903]
Rank 219 [22904,23007]
Rank 220 [23008,23111]
Rank 221 [23112,23215]
Rank 222 [23216,23319]
Rank 223 [23320,23423]
Rank 224 [23424,23527]
Rank 225 [23528,23631]
Rank 226 [23632,23735]
Rank 227 [23736,23839]
Rank 228 [23840,23943]
Rank 229 [23944,24047]
Rank 230 [24048,24151]
Rank 231 [24152,24255]
Rank 232 [24256,24359]
Rank 233 [24360,24463]
Rank 234 [24464,24567]
Rank 235 [24568,24671]
Rank 236 [24672,24775]
Rank 237 [24776,24879]
Rank 238 [24880,24983]
Rank 239 [24984,25087]
Rank 240 [25088,25191]
Rank 241 [25192,25295]
Rank 242 [25296,25399]
Rank 243 [25400,25503]
Rank 244 [25504,25607]
Rank 245 [25608,25711]
Rank 246 [25712,25815]
Rank 247 [25816,25919]
Rank 248 [25920,26023]
Rank 249 [26024,26127]
Rank 250 [26128,26231]
Rank 251 [26232,26335]
Rank 252 [26336,26439]
Rank 253 [26440,26543]
Rank 254 [26544,26647]
Rank 255 [26648,26751]
Rank 256 [26752,26855]
Rank 257 [26856,26959]
Rank 258 [26960,27063]
Rank 259 [27064,27167]
Rank 260 [27168,27271]
Rank 261 [27272,27375]
Rank 262 [27376,27479]
Rank 263 [27480,27583]
Rank 264 [27584,27687]
Rank 265 [27688,27791]
Rank 266 [27792,27895]
Rank 267 [27896,27999]
Rank 268 [28000,28103]
Rank 269 [28104,28207]
Rank 270 [28208,28311]
Rank 271 [28312,28415]
Rank 272 [28416,28519]
Rank 273 [28520,28623]
Rank 274 [28624,28727]
Rank 275 [28728,28831]
Rank 276 [28832,28935]
Rank 277 [28936,29039]
Rank 278 [29040,29143]
Rank 279 [29144,29247]
Rank 280 [29248,29351]
Rank 281 [29352,29455]
Rank 282 [29456,29559]
Rank 283 [29560,29663]
Rank 284 [29664,29767]
Rank 285 [29768,29871]
Rank 286 [29872,29975]
Rank 287 [29976,30079]
Rank 288 [30080,30183]
Rank 289 [30184,30287]
Rank 290 [30288,30391]
Rank 291 [30392,30495]
Rank 292 [30496,30599]
Rank 293 [30600,30703]
Rank 294 [30704,30807]
Rank 295 [30808,30911]
Rank 296 [30912,31015]
Rank 297 [31016,31119]
Rank 298 [31120,31223]
Rank 299 [31224,31327]
Rank 300 [31328,31431]
Rank 301 [31432,31535]
Rank 302 [31536,31639]
Rank 303 [31640,31743]
Rank 304 [31744,31847]
Rank 305 [31848,31951]
Rank 306 [31952,32055]
Rank 307 [32056,32159]
Rank 308 [32160,32263]
Rank 309 [32264,32367]
Rank 310 [32368,32471]
Rank 311 [32472,32575]
Rank 312 [32576,32679]
Rank 313 [32680,32783]
Rank 314 [32784,32887]
Rank 315 [32888,32991]
Rank 316 [32992,33095]
Rank 317 [33096,33199]
Rank 318 [33200,33303]
Rank 319 [33304,33407]
Rank 320 [33408,33511]
Rank 321 [33512,33615]
Rank 322 [33616,33719]
Rank 323 [33720,33823]
Rank 324 [33824,33927]
Rank 325 [33928,34031]
Rank 326 [34032,34135]
Rank 327 [34136,34239]
Rank 328 [34240,34343]
Rank 329 [34344,34447]
Rank 330 [34448,34551]
Rank 331 [34552,34655]
Rank 332 [34656,34759]
Rank 333 [34760,34863]
Rank 334 [34864,34967]
Rank 335 [34968,35071]
Rank 336 [35072,35175]
Rank 337 [35176,35279]
Rank 338 [35280,35383]
Rank 339 [35384,35487]
Rank 340 [35488,35591]
Rank 341 [35592,35695]
Rank 342 [35696,35799]
Rank 343 [35800,35903]
Rank 344 [35904,36007]
Rank 345 [36008,36111]
Rank 346 [36112,36215]
Rank 347 [36216,36319]
Rank 348 [36320,36423]
Rank 349 [36424,36527]
Rank 350 [36528,36631]
Rank 351 [36632,36735]
Rank 352 [36736,36839]
Rank 353 [36840,36943]
Rank 354 [36944,37047]
Rank 355 [37048,37151]
Rank 356 [37152,37255]
Rank 357 [37256,37359]
Rank 358 [37360,37463]
Rank 359 [37464,37567]
Rank 360 [37568,37671]
Rank 361 [37672,37775]
Rank 362 [37776,37879]
Rank 363 [37880,37983]
Rank 364 [37984,38087]
Rank 365 [38088,38191]
Rank 366 [38192,38295]
Rank 367 [38296,38399]
Rank 368 [38400,38503]
Rank 369 [38504,38607]
Rank 370 [38608,38711]
Rank 371 [38712,38815]
Rank 372 [38816,38919]
Rank 373 [38920,39023]
Rank 374 [39024,39127]
Rank 375 [39128,39231]
Rank 376 [39232,39335]
Rank 377 [39336,39439]
Rank 378 [39440,39543]
Rank 379 [39544,39647]
Rank 380 [39648,39751]
Rank 381 [39752,39855]
Rank 382 [39856,39959]
Rank 383 [39960,40063]
Rank 384 [40064,40167]
Rank 385 [40168,40271]
Rank 386 [40272,40375]
Rank 387 [40376,40479]
Rank 388 [40480,40583]
Rank 389 [40584,40687]
Rank 390 [40688,40791]
Rank 391 [40792,40895]
Rank 392 [40896,40999]
Rank 393 [41000,41103]
Rank 394 [41104,41207]
Rank 395 [41208,41311]
Rank 396 [41312,41415]
Rank 397 [41416,41519]
Rank 398 [41520,41623]
Rank 399 [41624,41727]
Rank 400 [41728,41831]
Rank 401 [41832,41935]
Rank 402 [41936,42039]
Rank 403 [42040,42143]
Rank 404 [42144,42247]
Rank 405 [42248,42351]
Rank 406 [42352,42455]
Rank 407 [42456,42559]
Rank 408 [42560,42663]
Rank 409 [42664,42767]
Rank 410 [42768,42871]
Rank 411 [42872,42975]
Rank 412 [42976,43079]
Rank 413 [43080,43183]
Rank 414 [43184,43287]
Rank 415 [43288,43391]
Rank 416 [43392,43495]
Rank 417 [43496,43599]
Rank 418 [43600,43703]
Rank 419 [43704,43807]
Rank 420 [43808,43911]
Rank 421 [43912,44015]
Rank 422 [44016,44119]
Rank 423 [44120,44223]
Rank 424 [44224,44327]
Rank 425 [44328,44431]
Rank 426 [44432,44535]
Rank 427 [44536,44639]
Rank 428 [44640,44743]
Rank 429 [44744,44847]
Rank 430 [44848,44951]
Rank 431 [44952,45055]
Rank 432 [45056,45159]
Rank 433 [45160,45263]
Rank 434 [45264,45367]
Rank 435 [45368,45471]
Rank 436 [45472,45575]
Rank 437 [45576,45679]
Rank 438 [45680,45783]
Rank 439 [45784,45887]
Rank 440 [45888,45991]
Rank 441 [45992,46095]
Rank 442 [46096,46199]
Rank 443 [46200,46303]
Rank 444 [46304,46407]
Rank 445 [46408,46511]
Rank 446 [46512,46615]
Rank 447 [46616,46719]
Rank 448 [46720,46823]
Rank 449 [46824,46927]
Rank 450 [46928,47031]
Rank 451 [47032,47135]
Rank 452 [47136,47239]
Rank 453 [47240,47343]
Rank 454 [47344,47447]
Rank 455 [47448,47551]
Rank 456 [47552,47655]
Rank 457 [47656,47759]
Rank 458 [47760,47863]
Rank 459 [47864,47967]
Rank 460 [47968,48071]
Rank 461 [48072,48175]
Rank 462 [48176,48279]
Rank 463 [48280,48383]
Rank 464 [48384,48487]
Rank 465 [48488,48591]
Rank 466 [48592,48695]
Rank 467 [48696,48799]
Rank 468 [48800,48903]
Rank 469 [48904,49007]
Rank 470 [49008,49111]
Rank 471 [49112,49215]
Rank 472 [49216,49319]
Rank 473 [49320,49423]
Rank 474 [49424,49527]
Rank 475 [49528,49631]
Rank 476 [49632,49735]
Rank 477 [49736,49839]
Rank 478 [49840,49943]
Rank 479 [49944,50047]
Rank 480 [50048,50151]
Rank 481 [50152,50255]
Rank 482 [50256,50359]
Rank 483 [50360,50463]
Rank 484 [50464,50567]
Rank 485 [50568,50671]
Rank 486 [50672,50775]
Rank 487 [50776,50879]
Rank 488 [50880,50983]
Rank 489 [50984,51087]
Rank 490 [51088,51191]
Rank 491 [51192,51295]
Rank 492 [51296,51399]
Rank 493 [51400,51503]
Rank 494 [51504,51607]
Rank 495 [51608,51711]
Rank 496 [51712,51815]
Rank 497 [51816,51919]
Rank 498 [51920,52023]
Rank 499 [52024,52127]
Rank 500 [52128,52231]
Rank 501 [52232,52335]
Rank 502 [52336,52439]
Rank 503 [52440,52543]
Rank 504 [52544,52647]
Rank 505 [52648,52751]
Rank 506 [52752,52855]
Rank 507 [52856,52959]
Rank 508 [52960,53063]
Rank 509 [53064,53167]
Rank 510 [53168,53271]
Rank 511 [53272,53375]
Rank 512 [53376,53479]
Rank 513 [53480,53583]
Rank 514 [53584,53687]
Rank 515 [53688,53791]
Rank 516 [53792,53895]
Rank 517 [53896,53999]
Rank 518 [54000,54103]
Rank 519 [54104,54207]
Rank 520 [54208,54311]
Rank 521 [54312,54415]
Rank 522 [54416,54519]
Rank 523 [54520,54623]
Rank 524 [54624,54727]
Rank 525 [54728,54831]
Rank 526 [54832,54935]
Rank 527 [54936,55039]
Rank 528 [55040,55143]
Rank 529 [55144,55247]
Rank 530 [55248,55351]
Rank 531 [55352,55455]
Rank 532 [55456,55559]
Rank 533 [55560,55663]
Rank 534 [55664,55767]
Rank 535 [55768,55871]
Rank 536 [55872,55975]
Rank 537 [55976,56079]
Rank 538 [56080,56183]
Rank 539 [56184,56287]
Rank 540 [56288,56391]
Rank 541 [56392,56495]
Rank 542 [56496,56599]
Rank 543 [56600,56703]
Rank 544 [56704,56807]
Rank 545 [56808,56911]
Rank 546 [56912,57015]
Rank 547 [57016,57119]
Rank 548 [57120,57223]
Rank 549 [57224,57327]
Rank 550 [57328,57431]
Rank 551 [57432,57535]
Rank 552 [57536,57639]
Rank 553 [57640,57743]
Rank 554 [57744,57847]
Rank 555 [57848,57951]
Rank 556 [57952,58055]
Rank 557 [58056,58159]
Rank 558 [58160,58263]
Rank 559 [58264,58367]
Rank 560 [58368,58471]
Rank 561 [58472,58575]
Rank 562 [58576,58679]
Rank 563 [58680,58783]
Rank 564 [58784,58887]
Rank 565 [58888,58991]
Rank 566 [58992,59095]
Rank 567 [59096,59199]
Rank 568 [59200,59303]
Rank 569 [59304,59407]
Rank 570 [59408,59511]
Rank 571 [59512,59615]
Rank 572 [59616,59719]
Rank 573 [59720,59823]
Rank 574 [59824,59927]
Rank 575 [59928,60031]
Rank 576 [60032,60135]
Rank 577 [60136,60239]
Rank 578 [60240,60343]
Rank 579 [60344,60447]
Rank 580 [60448,60551]
Rank 581 [60552,60655]
Rank 582 [60656,60759]
Rank 583 [60760,60863]
Rank 584 [60864,60967]
Rank 585 [60968,61071]
Rank 586 [61072,61175]
Rank 587 [61176,61279]
Rank 588 [61280,61383]
Rank 589 [61384,61487]
Rank 590 [61488,61591]
Rank 591 [61592,61695]
Rank 592 [61696,61799]
Rank 593 [61800,61903]
Rank 594 [61904,62007]
Rank 595 [62008,62111]
Rank 596 [62112,62215]
Rank 597 [62216,62319]
Rank 598 [62320,62423]
Rank 599 [62424,62527]
Rank 600 [62528,62631]
Rank 601 [62632,62735]
Rank 602 [62736,62839]
Rank 603 [62840,62943]
Rank 604 [62944,63047]
Rank 605 [63048,63151]
Rank 606 [63152,63255]
Rank 607 [63256,63359]
Rank 608 [63360,63463]
Rank 609 [63464,63567]
Rank 610 [63568,63671]
Rank 611 [63672,63775]
Rank 612 [63776,63879]
Rank 613 [63880,63983]
Rank 614 [63984,64087]
Rank 615 [64088,64191]
Rank 616 [64192,64295]
Rank 617 [64296,64399]
Rank 618 [64400,64503]
Rank 619 [64504,64607]
Rank 620 [64608,64711]
Rank 621 [64712,64815]
Rank 622 [64816,64919]
Rank 623 [64920,65023]
Rank 624 [65024,65127]
Rank 625 [65128,65231]
Rank 626 [65232,65335]
Rank 627 [65336,65439]
Rank 628 [65440,65543]
Rank 629 [65544,65647]
Rank 630 [65648,65751]
Rank 631 [65752,65855]
Rank 632 [65856,65959]
Rank 633 [65960,66063]
Rank 634 [66064,66167]
Rank 635 [66168,66271]
Rank 636 [66272,66375]
Rank 637 [66376,66479]
Rank 638 [66480,66583]
Rank 639 [66584,66687]
Rank 640 [66688,66791]
Rank 641 [66792,66895]
Rank 642 [66896,66999]
Rank 643 [67000,67103]
Rank 644 [67104,67207]
Rank 645 [67208,67311]
Rank 646 [67312,67415]
Rank 647 [67416,67519]
Rank 648 [67520,67623]
Rank 649 [67624,67727]
Rank 650 [67728,67831]
Rank 651 [67832,67935]
Rank 652 [67936,68039]
Rank 653 [68040,68143]
Rank 654 [68144,68247]
Rank 655 [68248,68351]
Rank 656 [68352,68455]
Rank 657 [68456,68559]
Rank 658 [68560,68663]
Rank 659 [68664,68767]
Rank 660 [68768,68871]
Rank 661 [68872,68975]
Rank 662 [68976,69079]
Rank 663 [69080,69183]
Rank 664 [69184,69287]
Rank 665 [69288,69391]
Rank 666 [69392,69495]
Rank 667 [69496,69599]
Rank 668 [69600,69703]
Rank 669 [69704,69807]
Rank 670 [69808,69911]
Rank 671 [69912,70015]
Rank 672 [70016,70119]
Rank 673 [70120,70223]
Rank 674 [70224,70327]
Rank 675 [70328,70431]
Rank 676 [70432,70535]
Rank 677 [70536,70639]
Rank 678 [70640,70743]
Rank 679 [70744,70847]
Rank 680 [70848,70951]
Rank 681 [70952,71055]
Rank 682 [71056,71159]
Rank 683 [71160,71263]
Rank 684 [71264,71367]
Rank 685 [71368,71471]
Rank 686 [71472,71575]
Rank 687 [71576,71679]
Rank 688 [71680,71783]
Rank 689 [71784,71887]
Rank 690 [71888,71991]
Rank 691 [71992,72095]
Rank 692 [72096,72199]
Rank 693 [72200,72303]
Rank 694 [72304,72407]
Rank 695 [72408,72511]
Rank 696 [72512,72615]
Rank 697 [72616,72719]
Rank 698 [72720,72823]
Rank 699 [72824,72927]
Rank 700 [72928,73031]
Rank 701 [73032,73135]
Rank 702 [73136,73239]
Rank 703 [73240,73343]
Rank 704 [73344,73447]
Rank 705 [73448,73551]
Rank 706 [73552,73655]
Rank 707 [73656,73759]
Rank 708 [73760,73863]
Rank 709 [73864,73967]
Rank 710 [73968,74071]
Rank 711 [74072,74175]
Rank 712 [74176,74279]
Rank 713 [74280,74383]
Rank 714 [74384,74487]
Rank 715 [74488,74591]
Rank 716 [74592,74695]
Rank 717 [74696,74799]
Rank 718 [74800,74903]
Rank 719 [74904,75007]
Rank 720 [75008,75111]
Rank 721 [75112,75215]
Rank 722 [75216,75319]
Rank 723 [75320,75423]
Rank 724 [75424,75527]
Rank 725 [75528,75631]
Rank 726 [75632,75735]
Rank 727 [75736,75839]
Rank 728 [75840,75943]
Rank 729 [75944,76047]
Rank 730 [76048,76151]
Rank 731 [76152,76255]
Rank 732 [76256,76359]
Rank 733 [76360,76463]
Rank 734 [76464,76567]
Rank 735 [76568,76671]
Rank 736 [76672,76775]
Rank 737 [76776,76879]
Rank 738 [76880,76983]
Rank 739 [76984,77087]
Rank 740 [77088,77191]
Rank 741 [77192,77295]
Rank 742 [77296,77399]
Rank 743 [77400,77503]
Rank 744 [77504,77607]
Rank 745 [77608,77711]
Rank 746 [77712,77815]
Rank 747 [77816,77919]
Rank 748 [77920,78023]
Rank 749 [78024,78127]
Rank 750 [78128,78231]
Rank 751 [78232,78335]
Rank 752 [78336,78439]
Rank 753 [78440,78543]
Rank 754 [78544,78647]
Rank 755 [78648,78751]
Rank 756 [78752,78855]
Rank 757 [78856,78959]
Rank 758 [78960,79063]
Rank 759 [79064,79167]
Rank 760 [79168,79271]
Rank 761 [79272,79375]
Rank 762 [79376,79479]
Rank 763 [79480,79583]
Rank 764 [79584,79687]
Rank 765 [79688,79791]
Rank 766 [79792,79895]
Rank 767 [79896,79999]
